20230519
20230519
20230519
20230519
20230519
20230519
20230519
20230519
20230519
20230519
20230519
20230519
20230519
20230519
20230519
20230519
20230519
20230519
20230519
20230520
20230520
20230520
20230520
20230520
20230520
20230520
20230520
20230520
20230520
20230520
20230520
20230520
20230520
20230520
20230520
20230520
20230520
20230520
20230520
20230520
20230522
20230522
20230522
20230522
20230522
20230522
20230522
20230522
20230522
20230522
20230522
20230522
20230522
20230522
20230522
20230522
20230522
20230522
20230522
20230522
20230522
20230522
20230522
20230522
20230522
20230522
20230522
20230522
20230522
20230522
20230522
20230522
20230522
20230522
20230522
20230522
20230522
20230522
20230522
20230522
20230522
20230522
20230522
20230522
20230522
20230522
20230523
20230523
20230523
20230523
20230523
20230523
20230523
20230524
20230524
20230524
20230527
20230527
20230527
20230527
20230527
20230527
20230527
20230527
20230527
20230527
20230527
20230527
20230527
20230527
20230527
20230527
20230527
20230527
20230527
20230527
20230527
20230527
20230527
20230527
20230527
20230527
20230527
20230528
20230528
20230528
20230528
20230528
20230528
20230528
20230528
20230528
20230528
20230528
20230528
20230528
20230528
20230528
20230528
20230528
20230528
20230528
20230528
20230528
20230531
20230531
20230531
20230531
20230531
20230531
20230531
20230531
20230531
20230531
20230531
20230531
20230531
20230531
20230531
20230531
20230531
20230531
20230531
20230531
20230531
20230531
20230531
20230531
20230531
20230531
20230601
20230601
20230601
20230601
20230601
20230601
20230601
20230601
20230601
20230601
20230601
20230601
20230601
20230601
20230601
20230601
20230601
20230601
20230601
20230601
20230601
20230601
20230601
20230601
20230601
20230601
20230601
20230601
20230601
20230601
20230601
20230601
20230601
20230601
20230601
20230601
20230601
20230601
20230601
20230601
20230601
20230601
20230603
20230603
20230603
20230603
20230603
20230603
20230603
20230603
20230603
20230603
20230603
20230603
20230603
20230603
20230603
20230603
20230603
20230603
20230603
20230603
20230603
20230603
20230603
20230603
20230603
20230603
20230603
20230603
20230603
20230603
20230603
20230603
20230603
20230603
20230603
20230603
20230603
20230603
20230603
20230603
20230603
20230603
20230603
20230603
20230603
20230603
20230603
20230603
20230603
20230603
20230603
20230603
20230603
20230603
20230603
20230603
20230608
20230608
20230608
20230608
20230608
20230608
20230608
20230608
20230608
20230608
20230608
20230608
20230608
20230608
20230608
20230608
20230608
20230608
20230608
20230608
20230608
20230608
20230608
20230608
20230608
20230608
20230608
20230608
20230608
20230608
20230608
20230608
20230608
20230608
20230608
20230608
20230608
20230608
20230608
20230608
20230608
20230608
20230608
20230608
20230608
20230608
20230608
20230608
20230608
20230608
20230608
20230608
20230608
20230608
20230608
20230608
20230608
20230608
20230609
20230609
20230609
20230609
20230609
20230609
20230609
20230609
20230609
20230609
20230609
20230609
20230609
20230609
20230609
20230609
20230609
20230609
20230609
20230609
20230611
20230611
20230611
20230611
20230611
20230611
20230611
20230611
20230611
20230611
20230611
20230611
20230611
20230611
20230611
20230611
20230611
20230611
20230611
20230611
20230611
20230611
20230611
20230611
20230611
20230611
20230611
20230611
20230611
20230611
20230611
20230611
20230611
20230611
20230611
20230611
20230612
20230612
20230612
20230612
20230612
20230612
20230612
20230612
20230612
20230612
20230612
20230612
20230612
20230612
20230612
20230612
20230612
20230612
20230612
20230612
20230612
20230612
20230612
20230612
20230612
20230612
20230612
20230612
20230612
20230612
20230612
20230612
20230612
20230612
20230612
20230612
20230612
20230612
20230612
20230612
20230612
20230612
20230612
20230612
20230612
20230612
20230612
20230612
20230612
20230612
20230612
20230612
20230612
20230612
20230612
20230612
20230612
20230612
20230612
20230612
20230612
20230612
20230616
20230616
20230616
20230616
20230616
20230616
20230616
20230616
20230616
20230616
20230617
20230617
20230617
20230617
20230617
20230617
20230617
20230617
20230617
20230617
20230617
20230617
20230617
20230617
20230617
20230617
20230617
20230617
20230617
20230617
20230617
20230617
20230617
20230617
20230617
20230617
20230617
20230617
20230617
20230617
20230617
20230617
20230617
20230617
20230618
20230618
20230618
20230618
20230618
20230618
20230618
20230618
20230618
20230618
20230618
20230618
20230618
20230618
20230618
20230618
20230618
20230618
20230618
20230618
20230618
20230618
20230618
20230618
20230618
20230618
20230618
20230618
20230618
20230618
20230618
20230618
20230618
20230618
20230618
20230618
20230618
20230618
20230618
20230618
20230618
20230618
20230618
20230618
20230618
20230618
20230618
20230618
20230618
20230618
20230618
20230618
20230618
20230618
20230618
20230618
20230618
20230618
20230619
20230619
20230619
20230619
20230625
20230625
20230625
20230625
20230625
20230625
20230625
20230625
20230625
20230625
20230625
20230625
20230625
20230625
20230625
20230625
20230625
20230625
20230625
20230625
20230625
20230625
20230625
20230625
20230625
20230625
20230625
20230625
20230625
20230625
20230625
20230625
20230625
20230625
20230625
20230625
20230625
20230625
20230625
20230625
20230625
20230625
20230625
20230625
20230625
20230625
20230625
20230625
20230625
20230625
20230625
20230625
20230625
20230625
20230625
20230625
20230625
20230626
20230626
20230626
20230626
20230626
20230626
20230626
20230626
20230626
20230626
20230626
20230626
20230626
20230626
20230626
20230626
20230626
20230626
20230626
20230626
20230626
20230626
20230626
20230629
20230629
20230629
20230629
20230629
20230629
20230629
20230629
20230629
20230629
20230629
20230629
20230629
20230629
20230629
20230629
20230629
20230629
20230629
20230629
20230629
20230629
20230629
20230629
20230629
20230629
20230629
20230629
20230629
20230629
20230629
20230629
20230629
20230629
20230629
20230629
20230629
20230629
20230629
20230703
20230703
20230703
20230703
20230703
20230703
20230703
20230703
20230703
20230703
20230703
20230703
20230703
20230703
20230703
20230703
20230703
20230703
20230703
20230703
20230703
20230703
20230703
20230703
20230703
20230703
20230703
20230703
20230703
20230703
20230703
20230703
20230703
20230703
20230703
20230703
20230703
20230705
20230705
20230705
20230705
20230706
20230706
20230706
20230706
20230706
20230706
20230706
20230706
20230706
20230706
20230706
20230706
20230706
20230706
20230706
20230706
20230706
20230706
20230706
20230706
20230709
20230709
20230709
20230709
20230709
20230709
20230709
20230709
20230709
20230709
20230709
20230709
20230709
20230709
20230709
20230709
20230709
20230709
20230709
20230709
20230709
20230709
20230710
20230710
20230710
20230710
20230711
20230711
20230711
20230711
20230713
20230713
20230713
20230713
20230714
20230714
20230714
20230714
20230714
20230714
20230714
20230714
20230714
20230714
20230714
20230714
20230714
20230714
20230714
20230714
20230720
20230720
20230720
20230720
20230720
20230720
20230720
20230720
20230720
20230720
20230720
20230720
20230720
20230720
20230720
20230720
20230720
20230720
20230720
20230720
20230720
20230720
20230723
20230723
20230723
20230723
20230723
20230723
20230723
20230723
20230723
20230723
20230723
20230723
20230723
20230723
20230723
20230723
20230723
20230723
20230723
20230728
20230728
20230728
20230728
20230728
20230728
20230728
20230728
20230728
20230728
20230728
20230728
20230728
20230728
20230728
20230728
20230728
20230728
20230728
20230728
20230728
20230728
20230728
20230728
20230728
20230728
20230728
20230729
20230729
20230729
20230729
20230801
20230801
20230801
20230801
20230801
20230801
20230801
20230801
20230801
20230801
20230801
20230801
20230801
20230801
20230801
20230801
20230801
20230801
20230801
20230817
20230817
20230817
20230817
20230817
20230817
20230817
20230817
20230817
20230817
20230817
20230817
20230817
20230827
20230827
20230827
20230827
20230905
20230905
20230905
20230905
20230905
20230905
20230905
20230905
20230905
20230910
20231110
20231110
20231110
20231110
20231127
20231127
20231127
20231127
20231209
20231209
20231209
20231209
20231212
20231212
20231212
20231212
20231212
20231213
20231213
20231213
20231213
20240322
20240322
