20110825
20110825
20110825
20110825
20110825
20110825
20110825
20110825
20110825
20110913
20110913
20110913
20110913
20110913
20110913
20110913
20110913
20110913
20110913
20110913
20110913
20110919
20110919
20110919
20110919
20110919
20110919
20110919
20110919
20110919
20110919
20110919
20110921
20110921
20110921
20110921
20110921
20110921
20110921
20110921
20110921
20110921
20110921
20110921
20110926
20110926
20110926
20110926
20111128
20111128
20111128
20111128
20111206
20111206
20111206
20111206
20111210
20111210
20111210
20111210
20111217
20111217
20111217
20111217
20111220
20111220
20111220
20111220
20111223
20111223
20111223
20111223
20111229
20111229
20111229
20111229
20120102
20120102
20120102
20120102
20120107
20120107
20120107
20120107
20120107
20120107
20120107
20120107
20120107
20120107
20120107
20120107
20120107
20120107
20120107
20120107
20120107
20120107
20120107
20120107
20120107
20120107
20120107
20120107
20120107
20120107
20120107
20120107
20120110
20120110
20120110
20120110
20120110
20120117
20120117
20120117
20120117
20120117
20120131
20120131
20120131
20120131
20120204
20120204
20120204
20120204
20120217
20120217
20120217
20120217
20120226
20120226
20120226
20120226
20120311
20120311
20120311
20120311
20120311
20120311
20120311
20120311
20120311
20120311
20120311
20120311
20120311
20120311
20120311
20120311
20120403
20120403
20120403
20120403
20120419
20120419
20120419
20120419
20120423
20120423
20120423
20120423
20120501
20120501
20120501
20120501
20120501
20120508
20120508
20120508
20120508
20120512
20120512
20120512
20120512
20120514
20120514
20120519
20120519
20120519
20120519
20120523
20120523
20120523
20120523
20120531
20120531
20120531
20120531
20120604
20120604
20120604
20120604
20120606
20120606
20120607
20120607
20120612
20120612
20120612
20120612
20120612
20120612
20120612
20120612
20120614
20120614
20120614
20120614
20120618
20120618
20120618
20120618
20120621
20120621
20120621
20120622
20120626
20120626
20120626
20120626
20120628
20120628
20120628
20120628
20120702
20120702
20120702
20120702
20120706
20120706
20120706
20120706
20120708
20120708
20120708
20120708
20120718
20120718
20120718
20120718
20120722
20120722
20120726
20120726
20120726
20120726
20120730
20120730
20120730
20120730
20120806
20120806
20120806
20120806
20120809
20120809
20120814
20120814
20120814
20120814
20120816
20120816
20120816
20120816
20120818
20120818
20120818
20120818
20120827
20120827
20120827
20120827
20120827
20120830
20120830
20120830
20120830
20120904
20120904
20120904
20120904
20120907
20120907
20120907
20120907
20120909
20120909
20120909
20120909
20160630
20160630
20160630
20160703
20160718
20160718
20160718
20170719
20170719
20170719
20180502
20180502
20190717
20190717
20190717
